Truck Capacity:	836


Travel_Time_Matrix (Suppliers, Distribution_Centers, Customers)
0	97	62	97	57	101	76	2147483647	2147483647	2147483647	2147483647	2147483647	2147483647	2147483647	2147483647	2147483647	2147483647	2147483647	2147483647	2147483647	2147483647	2147483647	2147483647	2147483647	2147483647	2147483647	2147483647	2147483647	2147483647	2147483647	2147483647	2147483647	
97	0	113	41	87	44	104	2147483647	2147483647	2147483647	2147483647	2147483647	2147483647	2147483647	2147483647	2147483647	2147483647	2147483647	2147483647	2147483647	2147483647	2147483647	2147483647	2147483647	2147483647	2147483647	2147483647	2147483647	2147483647	2147483647	2147483647	2147483647	
62	113	0	108	57	121	54	2147483647	2147483647	2147483647	2147483647	2147483647	2147483647	2147483647	2147483647	2147483647	2147483647	2147483647	2147483647	2147483647	2147483647	2147483647	2147483647	2147483647	2147483647	2147483647	2147483647	2147483647	2147483647	2147483647	2147483647	2147483647	
97	41	108	0	82	55	96	2147483647	2147483647	2147483647	2147483647	2147483647	2147483647	2147483647	2147483647	2147483647	2147483647	2147483647	2147483647	2147483647	2147483647	2147483647	2147483647	2147483647	2147483647	2147483647	2147483647	2147483647	2147483647	2147483647	2147483647	2147483647	
57	87	57	82	0	95	54	2147483647	2147483647	2147483647	2147483647	2147483647	2147483647	2147483647	2147483647	2147483647	2147483647	2147483647	2147483647	2147483647	2147483647	2147483647	2147483647	2147483647	2147483647	2147483647	2147483647	2147483647	2147483647	2147483647	2147483647	2147483647	
71	14	91	25	65	0	2147483647	43	38	41	40	47	35	37	33	47	49	35	50	48	40	54	36	52	40	58	64	54	62	65	65	61	
46	74	24	66	24	2147483647	0	48	50	51	48	45	55	53	56	49	45	57	48	51	55	46	61	50	58	74	60	68	75	64	70	68	
2147483647	2147483647	2147483647	2147483647	2147483647	73	78	0	58	33	59	35	61	62	61	37	38	64	40	40	68	44	70	44	71	65	91	90	68	95	67	94	
2147483647	2147483647	2147483647	2147483647	2147483647	68	80	58	0	59	33	61	35	34	36	65	64	38	67	68	40	70	44	71	44	91	65	62	95	68	94	67	
2147483647	2147483647	2147483647	2147483647	2147483647	71	81	33	59	0	60	37	62	63	62	37	39	64	40	40	69	45	71	44	72	63	93	91	67	96	66	95	
2147483647	2147483647	2147483647	2147483647	2147483647	70	78	59	33	60	0	62	37	35	38	66	64	39	68	69	40	71	45	72	44	93	63	62	96	67	95	66	
2147483647	2147483647	2147483647	2147483647	2147483647	77	75	35	61	37	62	0	65	65	65	35	33	68	36	38	71	40	74	41	75	64	94	93	67	97	65	97	
2147483647	2147483647	2147483647	2147483647	2147483647	65	85	61	35	62	37	65	0	33	32	68	68	33	70	71	38	74	40	75	41	94	64	59	97	67	97	65	
2147483647	2147483647	2147483647	2147483647	2147483647	67	83	62	34	63	35	65	33	0	34	69	68	34	71	71	36	74	40	75	40	95	62	58	98	65	98	64	
2147483647	2147483647	2147483647	2147483647	2147483647	63	86	61	36	62	38	65	32	34	0	68	67	33	70	71	39	74	40	74	41	93	65	60	97	68	97	66	
2147483647	2147483647	2147483647	2147483647	2147483647	77	79	37	65	37	66	35	68	69	68	0	34	71	33	33	74	38	77	37	78	59	98	96	62	101	61	101	
2147483647	2147483647	2147483647	2147483647	2147483647	79	75	38	64	39	64	33	68	68	67	34	0	70	34	36	73	37	77	38	77	62	96	95	65	100	63	100	
2147483647	2147483647	2147483647	2147483647	2147483647	65	87	64	38	64	39	68	33	34	33	71	70	0	73	73	36	77	37	77	38	96	62	57	100	65	100	63	
2147483647	2147483647	2147483647	2147483647	2147483647	80	78	40	67	40	68	36	70	71	70	33	34	73	0	33	77	35	80	35	80	59	100	99	61	103	59	103	
2147483647	2147483647	2147483647	2147483647	2147483647	78	81	40	68	40	69	38	71	71	71	33	36	73	33	0	77	37	80	35	81	57	101	99	59	104	58	104	
2147483647	2147483647	2147483647	2147483647	2147483647	70	85	68	40	69	40	71	38	36	39	74	73	36	77	77	0	80	37	81	35	101	57	53	104	59	104	58	
2147483647	2147483647	2147483647	2147483647	2147483647	84	76	44	70	45	71	40	74	74	74	38	37	77	35	37	80	0	83	34	84	59	102	102	61	106	58	106	
2147483647	2147483647	2147483647	2147483647	2147483647	66	91	70	44	71	45	74	40	40	40	77	77	37	80	80	37	83	0	84	34	102	59	51	106	61	106	58	
2147483647	2147483647	2147483647	2147483647	2147483647	82	80	44	71	44	72	41	75	75	74	37	38	77	35	35	81	34	84	0	84	55	104	103	58	107	55	107	
2147483647	2147483647	2147483647	2147483647	2147483647	70	88	71	44	72	44	75	41	40	41	78	77	38	80	81	35	84	34	84	0	104	55	49	107	58	107	55	
2147483647	2147483647	2147483647	2147483647	2147483647	88	104	65	91	63	93	64	94	95	93	59	62	96	59	57	101	59	102	55	104	0	126	123	34	129	40	128	
2147483647	2147483647	2147483647	2147483647	2147483647	94	90	91	65	93	63	94	64	62	65	98	96	62	100	101	57	102	59	104	55	126	0	44	129	34	128	40	
2147483647	2147483647	2147483647	2147483647	2147483647	84	98	90	62	91	62	93	59	58	60	96	95	57	99	99	53	102	51	103	49	123	44	0	126	44	126	38	
2147483647	2147483647	2147483647	2147483647	2147483647	92	105	68	95	67	96	67	97	98	97	62	65	100	61	59	104	61	106	58	107	34	129	126	0	132	38	131	
2147483647	2147483647	2147483647	2147483647	2147483647	95	94	95	68	96	67	97	67	65	68	101	100	65	103	104	59	106	61	107	58	129	34	44	132	0	131	38	
2147483647	2147483647	2147483647	2147483647	2147483647	95	100	67	94	66	95	65	97	98	97	61	63	100	59	58	104	58	106	55	107	40	128	126	38	131	0	131	
2147483647	2147483647	2147483647	2147483647	2147483647	91	98	94	67	95	66	97	65	64	66	101	100	63	103	104	58	106	58	107	55	128	40	38	131	38	131	0	


Supplier_ID	X_Coordinate	Y_Coordinate	Closest_DC	Second_Closest_DC	Supply_Commodity1_Quantity	Supply_Commodity2_Quantity	Supply_Commodity3_Quantity	
1	23	61	7	6	272	225	54	
2	70	80	6	7	272	225	54	
3	25	37	7	6	272	225	54	
4	72	72	6	7	272	225	54	
5	40	50	7	6	272	225	54	


Scenario: 1; Probability: 0.33

Distribution_Center_ID	X_Coordinate	Y_Coordinate	Demand_Commodity1_Quantity	Demand_Commodity2_Quantity	Demand_Commodity3_Quantity	
6	68	90	517	435	120	
7	42	32	191	157	22	

Customer_ID	X_Coordinate	Y_Coordinate	Closest_DC	Second_Closest_DC	Demand_Commodity1_Quantity	Demand_Commodity2_Quantity	Demand_Commodity3_Quantity	
8	45	68	6	7	37	62	14	
9	65	62	6	7	45	49	13	
10	45	70	6	7	50	38	0	
11	65	60	6	7	37	41	0	
12	42	66	7	6	41	23	6	
13	68	64	6	7	32	16	9	
14	68	62	6	7	38	5	24	
15	68	65	6	7	20	10	12	
16	40	69	6	7	22	21	16	
17	40	66	7	6	24	25	0	
18	70	64	6	7	15	30	0	
19	38	68	7	6	20	40	0	
20	38	70	6	7	9	39	1	
21	72	60	6	7	8	25	1	
22	35	66	7	6	36	23	0	
23	75	64	6	7	27	31	0	
24	35	69	7	6	31	27	0	
25	75	61	6	7	46	22	0	
26	25	85	6	7	13	6	5	
27	85	45	7	6	9	6	8	
28	88	55	6	7	29	27	16	
29	22	85	6	7	23	10	9	
30	88	45	7	6	30	13	8	
31	20	80	6	7	35	2	0	
32	90	50	6	7	31	1	0	

Scenario: 2; Probability: 0.33

Distribution_Center_ID	X_Coordinate	Y_Coordinate	Demand_Commodity1_Quantity	Demand_Commodity2_Quantity	Demand_Commodity3_Quantity	
6	68	90	708	590	157	
7	42	32	267	230	32	

Customer_ID	X_Coordinate	Y_Coordinate	Closest_DC	Second_Closest_DC	Demand_Commodity1_Quantity	Demand_Commodity2_Quantity	Demand_Commodity3_Quantity	
8	45	68	6	7	50	96	18	
9	65	62	6	7	60	62	17	
10	45	70	6	7	81	51	0	
11	65	60	6	7	45	61	0	
12	42	66	7	6	55	32	9	
13	68	64	6	7	47	25	12	
14	68	62	6	7	46	6	27	
15	68	65	6	7	25	13	19	
16	40	69	6	7	31	32	23	
17	40	66	7	6	32	34	0	
18	70	64	6	7	22	39	0	
19	38	68	7	6	33	65	0	
20	38	70	6	7	13	46	1	
21	72	60	6	7	13	33	1	
22	35	66	7	6	46	37	0	
23	75	64	6	7	35	38	0	
24	35	69	7	6	44	35	0	
25	75	61	6	7	55	27	0	
26	25	85	6	7	19	9	7	
27	85	45	7	6	13	8	11	
28	88	55	6	7	39	34	20	
29	22	85	6	7	35	15	12	
30	88	45	7	6	44	19	12	
31	20	80	6	7	48	2	0	
32	90	50	6	7	44	1	0	

Scenario: 3; Probability: 0.34

Distribution_Center_ID	X_Coordinate	Y_Coordinate	Demand_Commodity1_Quantity	Demand_Commodity2_Quantity	Demand_Commodity3_Quantity	
6	68	90	906	741	204	
7	42	32	326	281	38	

Customer_ID	X_Coordinate	Y_Coordinate	Closest_DC	Second_Closest_DC	Demand_Commodity1_Quantity	Demand_Commodity2_Quantity	Demand_Commodity3_Quantity	
8	45	68	6	7	63	119	24	
9	65	62	6	7	74	79	21	
10	45	70	6	7	90	64	0	
11	65	60	6	7	67	74	0	
12	42	66	7	6	72	41	11	
13	68	64	6	7	58	29	16	
14	68	62	6	7	67	8	37	
15	68	65	6	7	35	15	22	
16	40	69	6	7	41	36	31	
17	40	66	7	6	35	43	0	
18	70	64	6	7	30	52	0	
19	38	68	7	6	43	73	0	
20	38	70	6	7	16	64	2	
21	72	60	6	7	14	39	2	
22	35	66	7	6	51	43	0	
23	75	64	6	7	50	51	0	
24	35	69	7	6	57	46	0	
25	75	61	6	7	79	31	0	
26	25	85	6	7	23	11	9	
27	85	45	7	6	16	12	13	
28	88	55	6	7	46	44	24	
29	22	85	6	7	44	20	16	
30	88	45	7	6	52	23	14	
31	20	80	6	7	56	3	0	
32	90	50	6	7	53	2	0	

