Truck Capacity:	836


Travel_Time_Matrix (Suppliers, Distribution_Centers, Customers)
0	110	63	48	41	95	101	2147483647	2147483647	2147483647	2147483647	2147483647	2147483647	2147483647	2147483647	2147483647	2147483647	2147483647	2147483647	2147483647	2147483647	2147483647	2147483647	2147483647	2147483647	2147483647	2147483647	2147483647	2147483647	2147483647	2147483647	2147483647	
110	0	107	121	100	57	45	2147483647	2147483647	2147483647	2147483647	2147483647	2147483647	2147483647	2147483647	2147483647	2147483647	2147483647	2147483647	2147483647	2147483647	2147483647	2147483647	2147483647	2147483647	2147483647	2147483647	2147483647	2147483647	2147483647	2147483647	2147483647	
63	107	0	80	59	102	102	2147483647	2147483647	2147483647	2147483647	2147483647	2147483647	2147483647	2147483647	2147483647	2147483647	2147483647	2147483647	2147483647	2147483647	2147483647	2147483647	2147483647	2147483647	2147483647	2147483647	2147483647	2147483647	2147483647	2147483647	2147483647	
48	121	80	0	56	101	109	2147483647	2147483647	2147483647	2147483647	2147483647	2147483647	2147483647	2147483647	2147483647	2147483647	2147483647	2147483647	2147483647	2147483647	2147483647	2147483647	2147483647	2147483647	2147483647	2147483647	2147483647	2147483647	2147483647	2147483647	2147483647	
41	100	59	56	0	86	91	2147483647	2147483647	2147483647	2147483647	2147483647	2147483647	2147483647	2147483647	2147483647	2147483647	2147483647	2147483647	2147483647	2147483647	2147483647	2147483647	2147483647	2147483647	2147483647	2147483647	2147483647	2147483647	2147483647	2147483647	2147483647	
65	27	72	71	56	0	2147483647	39	18	39	20	44	13	16	12	46	47	12	49	49	18	54	13	53	17	70	43	34	74	45	75	41	
71	15	72	79	61	2147483647	0	40	27	39	30	45	23	26	22	46	48	23	49	48	29	54	24	53	28	65	55	44	69	56	71	52	
2147483647	2147483647	2147483647	2147483647	2147483647	69	70	0	60	33	61	36	64	64	63	38	38	66	40	41	70	45	73	45	74	68	96	94	71	100	70	99	
2147483647	2147483647	2147483647	2147483647	2147483647	48	57	60	0	61	33	64	36	35	37	67	66	38	70	70	41	73	45	74	45	96	68	65	100	71	99	70	
2147483647	2147483647	2147483647	2147483647	2147483647	69	69	33	61	0	62	38	64	65	64	38	40	67	41	40	71	46	74	45	75	66	97	95	69	101	69	100	
2147483647	2147483647	2147483647	2147483647	2147483647	50	60	61	33	62	0	64	38	36	39	68	67	40	70	71	40	74	46	75	45	97	66	64	101	69	100	69	
2147483647	2147483647	2147483647	2147483647	2147483647	74	75	36	64	38	64	0	68	68	67	36	33	70	37	39	74	40	77	41	78	67	98	98	70	102	68	102	
2147483647	2147483647	2147483647	2147483647	2147483647	43	53	64	36	64	38	68	0	33	32	71	70	33	73	74	39	77	40	78	41	98	67	62	102	70	102	68	
2147483647	2147483647	2147483647	2147483647	2147483647	46	56	64	35	65	36	68	33	0	35	71	71	35	74	75	37	78	41	78	41	100	65	61	104	68	103	66	
2147483647	2147483647	2147483647	2147483647	2147483647	42	52	63	37	64	39	67	32	35	0	71	70	34	73	74	40	77	41	78	42	98	68	62	102	71	102	68	
2147483647	2147483647	2147483647	2147483647	2147483647	76	76	38	67	38	68	36	71	71	71	0	35	74	34	34	78	39	81	38	81	62	103	101	65	107	63	106	
2147483647	2147483647	2147483647	2147483647	2147483647	77	78	38	66	40	67	33	70	71	70	35	0	73	35	37	77	38	80	39	81	65	101	100	68	105	65	105	
2147483647	2147483647	2147483647	2147483647	2147483647	42	53	66	38	67	40	70	33	35	34	74	73	0	76	77	37	80	38	81	39	101	65	59	105	68	105	65	
2147483647	2147483647	2147483647	2147483647	2147483647	79	79	40	70	41	70	37	73	74	73	34	35	76	0	33	80	36	83	35	84	61	105	104	64	109	61	109	
2147483647	2147483647	2147483647	2147483647	2147483647	79	78	41	70	40	71	39	74	75	74	34	37	77	33	0	81	38	84	35	85	59	106	105	62	110	60	110	
2147483647	2147483647	2147483647	2147483647	2147483647	48	59	70	41	71	40	74	39	37	40	78	77	37	80	81	0	84	38	85	35	106	59	54	110	62	110	60	
2147483647	2147483647	2147483647	2147483647	2147483647	84	84	45	73	46	74	40	77	78	77	39	38	80	36	38	84	0	87	35	88	61	108	107	63	111	60	112	
2147483647	2147483647	2147483647	2147483647	2147483647	43	54	73	45	74	46	77	40	41	41	81	80	38	83	84	38	87	0	88	35	108	61	53	111	63	112	60	
2147483647	2147483647	2147483647	2147483647	2147483647	83	83	45	74	45	75	41	78	78	78	38	39	81	35	35	85	35	88	0	88	57	109	108	60	113	57	113	
2147483647	2147483647	2147483647	2147483647	2147483647	47	58	74	45	75	45	78	41	41	42	81	81	39	84	85	35	88	35	88	0	109	57	51	113	60	113	57	
2147483647	2147483647	2147483647	2147483647	2147483647	100	95	68	96	66	97	67	98	100	98	62	65	101	61	59	106	61	108	57	109	0	133	130	35	136	41	135	
2147483647	2147483647	2147483647	2147483647	2147483647	73	85	96	68	97	66	98	67	65	68	103	101	65	105	106	59	108	61	109	57	133	0	45	136	35	135	41	
2147483647	2147483647	2147483647	2147483647	2147483647	64	74	94	65	95	64	98	62	61	62	101	100	59	104	105	54	107	53	108	51	130	45	0	133	45	133	38	
2147483647	2147483647	2147483647	2147483647	2147483647	104	99	71	100	69	101	70	102	104	102	65	68	105	64	62	110	63	111	60	113	35	136	133	0	140	38	139	
2147483647	2147483647	2147483647	2147483647	2147483647	75	86	100	71	101	69	102	70	68	71	107	105	68	109	110	62	111	63	113	60	136	35	45	140	0	139	38	
2147483647	2147483647	2147483647	2147483647	2147483647	105	101	70	99	69	100	68	102	103	102	63	65	105	61	60	110	60	112	57	113	41	135	133	38	139	0	139	
2147483647	2147483647	2147483647	2147483647	2147483647	71	82	99	70	100	69	102	68	66	68	106	105	65	109	110	60	112	60	113	57	135	41	38	139	38	139	0	


Supplier_ID	X_Coordinate	Y_Coordinate	Closest_DC	Second_Closest_DC	Supply_Commodity1_Quantity	Supply_Commodity2_Quantity	Supply_Commodity3_Quantity	
1	37	43	6	7	254	238	49	
2	68	90	7	6	254	238	49	
3	23	61	6	7	254	238	49	
4	42	32	6	7	254	238	49	
5	40	50	6	7	254	238	49	


Scenario: 1; Probability: 0.33

Distribution_Center_ID	X_Coordinate	Y_Coordinate	Demand_Commodity1_Quantity	Demand_Commodity2_Quantity	Demand_Commodity3_Quantity	
6	72	72	487	443	106	
7	70	80	203	189	30	

Customer_ID	X_Coordinate	Y_Coordinate	Closest_DC	Second_Closest_DC	Demand_Commodity1_Quantity	Demand_Commodity2_Quantity	Demand_Commodity3_Quantity	
8	45	68	6	7	31	62	10	
9	65	62	6	7	47	56	15	
10	45	70	7	6	38	54	0	
11	65	60	6	7	35	51	0	
12	42	66	6	7	30	23	7	
13	68	64	6	7	42	22	10	
14	68	62	6	7	38	4	23	
15	68	65	6	7	20	10	11	
16	40	69	7	6	27	27	15	
17	40	66	6	7	23	34	0	
18	70	64	6	7	16	27	0	
19	38	68	7	6	26	38	0	
20	38	70	7	6	8	27	1	
21	72	60	6	7	10	30	1	
22	35	66	6	7	37	26	0	
23	75	64	6	7	34	30	0	
24	35	69	7	6	33	19	0	
25	75	61	6	7	38	19	0	
26	25	85	7	6	12	7	8	
27	85	45	6	7	11	6	7	
28	88	55	6	7	24	25	16	
29	22	85	7	6	31	16	6	
30	88	45	6	7	26	16	6	
31	20	80	7	6	28	1	0	
32	90	50	6	7	25	2	0	

Scenario: 2; Probability: 0.33

Distribution_Center_ID	X_Coordinate	Y_Coordinate	Demand_Commodity1_Quantity	Demand_Commodity2_Quantity	Demand_Commodity3_Quantity	
6	72	72	649	584	143	
7	70	80	266	253	37	

Customer_ID	X_Coordinate	Y_Coordinate	Closest_DC	Second_Closest_DC	Demand_Commodity1_Quantity	Demand_Commodity2_Quantity	Demand_Commodity3_Quantity	
8	45	68	6	7	46	76	14	
9	65	62	6	7	62	72	17	
10	45	70	7	6	48	71	0	
11	65	60	6	7	51	64	0	
12	42	66	6	7	42	32	11	
13	68	64	6	7	55	29	12	
14	68	62	6	7	48	5	34	
15	68	65	6	7	22	11	15	
16	40	69	7	6	39	33	18	
17	40	66	6	7	29	38	0	
18	70	64	6	7	22	42	0	
19	38	68	7	6	35	58	0	
20	38	70	7	6	11	34	1	
21	72	60	6	7	14	47	1	
22	35	66	6	7	47	39	0	
23	75	64	6	7	40	37	0	
24	35	69	7	6	39	24	0	
25	75	61	6	7	45	25	0	
26	25	85	7	6	15	10	9	
27	85	45	6	7	13	9	10	
28	88	55	6	7	38	35	20	
29	22	85	7	6	43	22	9	
30	88	45	6	7	41	21	9	
31	20	80	7	6	36	1	0	
32	90	50	6	7	34	2	0	

Scenario: 3; Probability: 0.34

Distribution_Center_ID	X_Coordinate	Y_Coordinate	Demand_Commodity1_Quantity	Demand_Commodity2_Quantity	Demand_Commodity3_Quantity	
6	72	72	838	746	174	
7	70	80	313	335	46	

Customer_ID	X_Coordinate	Y_Coordinate	Closest_DC	Second_Closest_DC	Demand_Commodity1_Quantity	Demand_Commodity2_Quantity	Demand_Commodity3_Quantity	
8	45	68	6	7	54	104	17	
9	65	62	6	7	82	89	22	
10	45	70	7	6	57	95	0	
11	65	60	6	7	55	77	0	
12	42	66	6	7	55	41	13	
13	68	64	6	7	77	40	15	
14	68	62	6	7	57	6	39	
15	68	65	6	7	29	15	19	
16	40	69	7	6	46	40	21	
17	40	66	6	7	40	54	0	
18	70	64	6	7	28	49	0	
19	38	68	7	6	44	78	0	
20	38	70	7	6	16	47	2	
21	72	60	6	7	15	58	2	
22	35	66	6	7	63	49	0	
23	75	64	6	7	60	50	0	
24	35	69	7	6	46	31	0	
25	75	61	6	7	57	32	0	
26	25	85	7	6	18	13	12	
27	85	45	6	7	16	10	13	
28	88	55	6	7	51	46	24	
29	22	85	7	6	46	29	11	
30	88	45	6	7	51	23	10	
31	20	80	7	6	40	2	0	
32	90	50	6	7	48	3	0	

