Truck Capacity:	836


Travel_Time_Matrix (Suppliers, Distribution_Centers, Customers)
0	115	65	121	59	50	56	2147483647	2147483647	2147483647	2147483647	2147483647	2147483647	2147483647	2147483647	2147483647	2147483647	2147483647	2147483647	2147483647	2147483647	2147483647	2147483647	2147483647	2147483647	2147483647	2147483647	2147483647	2147483647	2147483647	2147483647	2147483647	
115	0	103	42	87	96	103	2147483647	2147483647	2147483647	2147483647	2147483647	2147483647	2147483647	2147483647	2147483647	2147483647	2147483647	2147483647	2147483647	2147483647	2147483647	2147483647	2147483647	2147483647	2147483647	2147483647	2147483647	2147483647	2147483647	2147483647	2147483647	
65	103	0	104	60	64	81	2147483647	2147483647	2147483647	2147483647	2147483647	2147483647	2147483647	2147483647	2147483647	2147483647	2147483647	2147483647	2147483647	2147483647	2147483647	2147483647	2147483647	2147483647	2147483647	2147483647	2147483647	2147483647	2147483647	2147483647	2147483647	
121	42	104	0	92	102	111	2147483647	2147483647	2147483647	2147483647	2147483647	2147483647	2147483647	2147483647	2147483647	2147483647	2147483647	2147483647	2147483647	2147483647	2147483647	2147483647	2147483647	2147483647	2147483647	2147483647	2147483647	2147483647	2147483647	2147483647	2147483647	
59	87	60	92	0	42	57	2147483647	2147483647	2147483647	2147483647	2147483647	2147483647	2147483647	2147483647	2147483647	2147483647	2147483647	2147483647	2147483647	2147483647	2147483647	2147483647	2147483647	2147483647	2147483647	2147483647	2147483647	2147483647	2147483647	2147483647	2147483647	
20	66	34	72	12	0	2147483647	39	50	41	48	35	55	53	56	38	34	57	37	40	57	34	63	38	61	64	70	76	65	75	60	78	
26	73	51	81	27	2147483647	0	53	55	56	53	50	60	58	61	54	50	62	53	56	60	51	67	55	64	81	66	75	83	70	77	75	
2147483647	2147483647	2147483647	2147483647	2147483647	69	83	0	61	33	62	36	64	65	64	38	38	67	41	41	71	45	74	45	75	69	97	96	72	101	71	101	
2147483647	2147483647	2147483647	2147483647	2147483647	80	85	61	0	62	33	64	36	35	37	68	67	38	71	71	41	74	45	75	45	97	69	65	101	72	101	71	
2147483647	2147483647	2147483647	2147483647	2147483647	71	86	33	62	0	63	38	65	66	65	38	40	68	41	41	72	46	75	45	76	67	99	97	70	103	70	102	
2147483647	2147483647	2147483647	2147483647	2147483647	78	83	62	33	63	0	65	38	36	39	69	68	40	71	72	41	75	46	76	45	99	67	65	103	70	102	70	
2147483647	2147483647	2147483647	2147483647	2147483647	65	80	36	64	38	65	0	68	69	68	36	33	71	37	39	75	41	78	42	79	67	100	99	71	104	68	104	
2147483647	2147483647	2147483647	2147483647	2147483647	85	90	64	36	65	38	68	0	33	32	72	71	33	74	75	39	78	41	79	42	100	67	62	104	71	104	68	
2147483647	2147483647	2147483647	2147483647	2147483647	83	88	65	35	66	36	69	33	0	35	72	72	35	75	76	37	79	41	79	41	101	65	61	105	69	105	67	
2147483647	2147483647	2147483647	2147483647	2147483647	86	91	64	37	65	39	68	32	35	0	72	71	34	74	75	40	78	41	79	42	99	69	63	103	72	103	69	
2147483647	2147483647	2147483647	2147483647	2147483647	68	84	38	68	38	69	36	72	72	72	0	35	75	34	34	79	39	82	38	83	62	104	103	65	108	64	108	
2147483647	2147483647	2147483647	2147483647	2147483647	64	80	38	67	40	68	33	71	72	71	35	0	74	35	37	78	38	81	39	82	66	103	102	68	106	66	107	
2147483647	2147483647	2147483647	2147483647	2147483647	87	92	67	38	68	40	71	33	35	34	75	74	0	77	78	37	81	38	82	39	103	66	60	106	68	107	66	
2147483647	2147483647	2147483647	2147483647	2147483647	67	83	41	71	41	71	37	74	75	74	34	35	77	0	33	81	36	84	35	85	62	106	105	64	110	62	110	
2147483647	2147483647	2147483647	2147483647	2147483647	70	86	41	71	41	72	39	75	76	75	34	37	78	33	0	82	38	85	35	86	59	108	106	62	112	60	111	
2147483647	2147483647	2147483647	2147483647	2147483647	87	90	71	41	72	41	75	39	37	40	79	78	37	81	82	0	85	38	86	35	108	59	55	112	62	111	60	
2147483647	2147483647	2147483647	2147483647	2147483647	64	81	45	74	46	75	41	78	79	78	39	38	81	36	38	85	0	89	35	89	62	109	109	64	113	60	114	
2147483647	2147483647	2147483647	2147483647	2147483647	93	97	74	45	75	46	78	41	41	41	82	81	38	84	85	38	89	0	89	35	109	62	53	113	64	114	60	
2147483647	2147483647	2147483647	2147483647	2147483647	68	85	45	75	45	76	42	79	79	79	38	39	82	35	35	86	35	89	0	90	58	111	110	60	115	57	115	
2147483647	2147483647	2147483647	2147483647	2147483647	91	94	75	45	76	45	79	42	41	42	83	82	39	85	86	35	89	35	90	0	111	58	51	115	60	115	57	
2147483647	2147483647	2147483647	2147483647	2147483647	94	111	69	97	67	99	67	100	101	99	62	66	103	62	59	108	62	109	58	111	0	135	132	35	139	41	138	
2147483647	2147483647	2147483647	2147483647	2147483647	100	96	97	69	99	67	100	67	65	69	104	103	66	106	108	59	109	62	111	58	135	0	46	139	35	138	41	
2147483647	2147483647	2147483647	2147483647	2147483647	106	105	96	65	97	65	99	62	61	63	103	102	60	105	106	55	109	53	110	51	132	46	0	136	45	136	38	
2147483647	2147483647	2147483647	2147483647	2147483647	95	113	72	101	70	103	71	104	105	103	65	68	106	64	62	112	64	113	60	115	35	139	136	0	142	38	141	
2147483647	2147483647	2147483647	2147483647	2147483647	105	100	101	72	103	70	104	71	69	72	108	106	68	110	112	62	113	64	115	60	139	35	45	142	0	141	38	
2147483647	2147483647	2147483647	2147483647	2147483647	90	107	71	101	70	102	68	104	105	103	64	66	107	62	60	111	60	114	57	115	41	138	136	38	141	0	141	
2147483647	2147483647	2147483647	2147483647	2147483647	108	105	101	71	102	70	104	68	67	69	108	107	66	110	111	60	114	60	115	57	138	41	38	141	38	141	0	


Supplier_ID	X_Coordinate	Y_Coordinate	Closest_DC	Second_Closest_DC	Supply_Commodity1_Quantity	Supply_Commodity2_Quantity	Supply_Commodity3_Quantity	
1	25	37	6	7	262	228	52	
2	72	72	6	7	262	228	52	
3	23	61	6	7	262	228	52	
4	70	80	6	7	262	228	52	
5	40	50	6	7	262	228	52	


Scenario: 1; Probability: 0.33

Distribution_Center_ID	X_Coordinate	Y_Coordinate	Demand_Commodity1_Quantity	Demand_Commodity2_Quantity	Demand_Commodity3_Quantity	
6	37	43	635	564	106	
7	42	32	99	57	29	

Customer_ID	X_Coordinate	Y_Coordinate	Closest_DC	Second_Closest_DC	Demand_Commodity1_Quantity	Demand_Commodity2_Quantity	Demand_Commodity3_Quantity	
8	45	68	6	7	45	64	13	
9	65	62	6	7	41	52	12	
10	45	70	6	7	46	58	0	
11	65	60	6	7	32	43	0	
12	42	66	6	7	48	14	7	
13	68	64	6	7	49	21	9	
14	68	62	6	7	27	6	18	
15	68	65	6	7	23	7	11	
16	40	69	6	7	34	21	17	
17	40	66	6	7	26	28	0	
18	70	64	6	7	18	31	0	
19	38	68	6	7	27	29	0	
20	38	70	6	7	9	30	1	
21	72	60	6	7	7	42	1	
22	35	66	6	7	37	26	0	
23	75	64	6	7	25	24	0	
24	35	69	6	7	46	26	0	
25	75	61	6	7	35	24	0	
26	25	85	6	7	11	7	9	
27	85	45	7	6	14	8	7	
28	88	55	7	6	23	35	16	
29	22	85	6	7	24	10	8	
30	88	45	7	6	26	12	6	
31	20	80	6	7	25	1	0	
32	90	50	7	6	36	2	0	

Scenario: 2; Probability: 0.33

Distribution_Center_ID	X_Coordinate	Y_Coordinate	Demand_Commodity1_Quantity	Demand_Commodity2_Quantity	Demand_Commodity3_Quantity	
6	37	43	827	747	147	
7	42	32	129	73	36	

Customer_ID	X_Coordinate	Y_Coordinate	Closest_DC	Second_Closest_DC	Demand_Commodity1_Quantity	Demand_Commodity2_Quantity	Demand_Commodity3_Quantity	
8	45	68	6	7	52	73	21	
9	65	62	6	7	49	74	20	
10	45	70	6	7	60	77	0	
11	65	60	6	7	46	49	0	
12	42	66	6	7	60	24	10	
13	68	64	6	7	58	27	10	
14	68	62	6	7	41	8	26	
15	68	65	6	7	27	10	13	
16	40	69	6	7	44	26	22	
17	40	66	6	7	34	42	0	
18	70	64	6	7	22	43	0	
19	38	68	6	7	36	37	0	
20	38	70	6	7	11	46	1	
21	72	60	6	7	11	46	1	
22	35	66	6	7	50	40	0	
23	75	64	6	7	39	29	0	
24	35	69	6	7	61	37	0	
25	75	61	6	7	39	32	0	
26	25	85	6	7	15	11	13	
27	85	45	7	6	19	10	8	
28	88	55	7	6	31	45	20	
29	22	85	6	7	33	15	10	
30	88	45	7	6	35	15	8	
31	20	80	6	7	39	1	0	
32	90	50	7	6	44	3	0	

Scenario: 3; Probability: 0.34

Distribution_Center_ID	X_Coordinate	Y_Coordinate	Demand_Commodity1_Quantity	Demand_Commodity2_Quantity	Demand_Commodity3_Quantity	
6	37	43	1020	942	183	
7	42	32	168	91	49	

Customer_ID	X_Coordinate	Y_Coordinate	Closest_DC	Second_Closest_DC	Demand_Commodity1_Quantity	Demand_Commodity2_Quantity	Demand_Commodity3_Quantity	
8	45	68	6	7	70	102	24	
9	65	62	6	7	70	96	25	
10	45	70	6	7	74	94	0	
11	65	60	6	7	62	66	0	
12	42	66	6	7	81	29	12	
13	68	64	6	7	69	37	13	
14	68	62	6	7	46	9	35	
15	68	65	6	7	35	12	17	
16	40	69	6	7	52	31	26	
17	40	66	6	7	43	48	0	
18	70	64	6	7	25	52	0	
19	38	68	6	7	45	52	0	
20	38	70	6	7	14	54	2	
21	72	60	6	7	12	60	2	
22	35	66	6	7	57	47	0	
23	75	64	6	7	42	34	0	
24	35	69	6	7	67	46	0	
25	75	61	6	7	54	41	0	
26	25	85	6	7	18	12	15	
27	85	45	7	6	21	12	12	
28	88	55	7	6	42	55	27	
29	22	85	6	7	39	18	12	
30	88	45	7	6	42	21	10	
31	20	80	6	7	45	2	0	
32	90	50	7	6	63	3	0	

