Truck Capacity:	836


Travel_Time_Matrix (Suppliers, Distribution_Centers, Customers)
0	105	55	44	114	121	95	2147483647	2147483647	2147483647	2147483647	2147483647	2147483647	2147483647	2147483647	2147483647	2147483647	2147483647	2147483647	2147483647	2147483647	2147483647	2147483647	2147483647	2147483647	2147483647	2147483647	2147483647	2147483647	2147483647	2147483647	2147483647	
105	0	90	96	46	48	41	2147483647	2147483647	2147483647	2147483647	2147483647	2147483647	2147483647	2147483647	2147483647	2147483647	2147483647	2147483647	2147483647	2147483647	2147483647	2147483647	2147483647	2147483647	2147483647	2147483647	2147483647	2147483647	2147483647	2147483647	2147483647	
55	90	0	41	96	108	82	2147483647	2147483647	2147483647	2147483647	2147483647	2147483647	2147483647	2147483647	2147483647	2147483647	2147483647	2147483647	2147483647	2147483647	2147483647	2147483647	2147483647	2147483647	2147483647	2147483647	2147483647	2147483647	2147483647	2147483647	2147483647	
44	96	41	0	104	113	87	2147483647	2147483647	2147483647	2147483647	2147483647	2147483647	2147483647	2147483647	2147483647	2147483647	2147483647	2147483647	2147483647	2147483647	2147483647	2147483647	2147483647	2147483647	2147483647	2147483647	2147483647	2147483647	2147483647	2147483647	2147483647	
114	46	96	104	0	54	54	2147483647	2147483647	2147483647	2147483647	2147483647	2147483647	2147483647	2147483647	2147483647	2147483647	2147483647	2147483647	2147483647	2147483647	2147483647	2147483647	2147483647	2147483647	2147483647	2147483647	2147483647	2147483647	2147483647	2147483647	2147483647	
91	18	78	83	24	0	2147483647	49	63	51	61	45	68	66	68	47	44	70	45	47	70	41	76	45	74	64	80	87	64	84	58	88	
65	11	52	57	24	2147483647	0	25	37	28	36	22	42	41	42	26	22	44	24	27	45	23	50	26	49	51	60	64	52	64	48	66	
2147483647	2147483647	2147483647	2147483647	2147483647	79	55	0	58	33	59	35	61	62	61	37	38	64	40	40	68	44	70	44	71	65	91	90	68	95	67	94	
2147483647	2147483647	2147483647	2147483647	2147483647	93	67	58	0	59	33	61	35	34	36	65	64	38	67	68	40	70	44	71	44	91	65	62	95	68	94	67	
2147483647	2147483647	2147483647	2147483647	2147483647	81	58	33	59	0	60	37	62	63	62	37	39	64	40	40	69	45	71	44	72	63	93	91	67	96	66	95	
2147483647	2147483647	2147483647	2147483647	2147483647	91	66	59	33	60	0	62	37	35	38	66	64	39	68	69	40	71	45	72	44	93	63	62	96	67	95	66	
2147483647	2147483647	2147483647	2147483647	2147483647	75	52	35	61	37	62	0	65	65	65	35	33	68	36	38	71	40	74	41	75	64	94	93	67	97	65	97	
2147483647	2147483647	2147483647	2147483647	2147483647	98	72	61	35	62	37	65	0	33	32	68	68	33	70	71	38	74	40	75	41	94	64	59	97	67	97	65	
2147483647	2147483647	2147483647	2147483647	2147483647	96	71	62	34	63	35	65	33	0	34	69	68	34	71	71	36	74	40	75	40	95	62	58	98	65	98	64	
2147483647	2147483647	2147483647	2147483647	2147483647	98	72	61	36	62	38	65	32	34	0	68	67	33	70	71	39	74	40	74	41	93	65	60	97	68	97	66	
2147483647	2147483647	2147483647	2147483647	2147483647	77	56	37	65	37	66	35	68	69	68	0	34	71	33	33	74	38	77	37	78	59	98	96	62	101	61	101	
2147483647	2147483647	2147483647	2147483647	2147483647	74	52	38	64	39	64	33	68	68	67	34	0	70	34	36	73	37	77	38	77	62	96	95	65	100	63	100	
2147483647	2147483647	2147483647	2147483647	2147483647	100	74	64	38	64	39	68	33	34	33	71	70	0	73	73	36	77	37	77	38	96	62	57	100	65	100	63	
2147483647	2147483647	2147483647	2147483647	2147483647	75	54	40	67	40	68	36	70	71	70	33	34	73	0	33	77	35	80	35	80	59	100	99	61	103	59	103	
2147483647	2147483647	2147483647	2147483647	2147483647	77	57	40	68	40	69	38	71	71	71	33	36	73	33	0	77	37	80	35	81	57	101	99	59	104	58	104	
2147483647	2147483647	2147483647	2147483647	2147483647	100	75	68	40	69	40	71	38	36	39	74	73	36	77	77	0	80	37	81	35	101	57	53	104	59	104	58	
2147483647	2147483647	2147483647	2147483647	2147483647	71	53	44	70	45	71	40	74	74	74	38	37	77	35	37	80	0	83	34	84	59	102	102	61	106	58	106	
2147483647	2147483647	2147483647	2147483647	2147483647	106	80	70	44	71	45	74	40	40	40	77	77	37	80	80	37	83	0	84	34	102	59	51	106	61	106	58	
2147483647	2147483647	2147483647	2147483647	2147483647	75	56	44	71	44	72	41	75	75	74	37	38	77	35	35	81	34	84	0	84	55	104	103	58	107	55	107	
2147483647	2147483647	2147483647	2147483647	2147483647	104	79	71	44	72	44	75	41	40	41	78	77	38	80	81	35	84	34	84	0	104	55	49	107	58	107	55	
2147483647	2147483647	2147483647	2147483647	2147483647	94	81	65	91	63	93	64	94	95	93	59	62	96	59	57	101	59	102	55	104	0	126	123	34	129	40	128	
2147483647	2147483647	2147483647	2147483647	2147483647	110	90	91	65	93	63	94	64	62	65	98	96	62	100	101	57	102	59	104	55	126	0	44	129	34	128	40	
2147483647	2147483647	2147483647	2147483647	2147483647	117	94	90	62	91	62	93	59	58	60	96	95	57	99	99	53	102	51	103	49	123	44	0	126	44	126	38	
2147483647	2147483647	2147483647	2147483647	2147483647	94	82	68	95	67	96	67	97	98	97	62	65	100	61	59	104	61	106	58	107	34	129	126	0	132	38	131	
2147483647	2147483647	2147483647	2147483647	2147483647	114	94	95	68	96	67	97	67	65	68	101	100	65	103	104	59	106	61	107	58	129	34	44	132	0	131	38	
2147483647	2147483647	2147483647	2147483647	2147483647	88	78	67	94	66	95	65	97	98	97	61	63	100	59	58	104	58	106	55	107	40	128	126	38	131	0	131	
2147483647	2147483647	2147483647	2147483647	2147483647	118	96	94	67	95	66	97	65	64	66	101	100	63	103	104	58	106	58	107	55	128	40	38	131	38	131	0	


Supplier_ID	Closest_DC	Second_Closest_DC	Supply_Commodity1_Quantity	Supply_Commodity2_Quantity	Supply_Commodity3_Quantity
1	7	6	255	219	58
2	7	6	255	219	58
3	7	6	255	219	58
4	7	6	255	219	58
5	6	7	255	219	58	


Scenario: 1; Probability: 0.33

Distribution_Center_ID	Demand_Commodity1_Quantity	Demand_Commodity2_Quantity	Demand_Commodity3_Quantity
6	0	0	0
7	654	571	150	

Customer_ID	Closest_DC	Second_Closest_DC	Demand_Commodity1_Quantity	Demand_Commodity2_Quantity	Demand_Commodity3_Quantity
8	7	6	31	59	13
9	7	6	32	47	14
10	7	6	54	42	0
11	7	6	39	31	0
12	7	6	26	26	10
13	7	6	39	21	9
14	7	6	33	6	25
15	7	6	15	9	13
16	7	6	26	29	18
17	7	6	16	26	0
18	7	6	24	22	0
19	7	6	20	42	0
20	7	6	9	23	1
21	7	6	12	27	1
22	7	6	37	27	0
23	7	6	35	22	0
24	7	6	25	18	0
25	7	6	38	18	0
26	7	6	10	6	8
27	7	6	12	8	7
28	7	6	18	32	16
29	7	6	33	15	7
30	7	6	17	11	8
31	7	6	29	2	0
32	7	6	24	2	0	

Scenario: 2; Probability: 0.33

Distribution_Center_ID	Demand_Commodity1_Quantity	Demand_Commodity2_Quantity	Demand_Commodity3_Quantity
6	0	0	0
7	904	783	206	

Customer_ID	Closest_DC	Second_Closest_DC	Demand_Commodity1_Quantity	Demand_Commodity2_Quantity	Demand_Commodity3_Quantity
8	7	6	50	91	16
9	7	6	48	64	21
10	7	6	59	58	0
11	7	6	58	42	0
12	7	6	40	36	13
13	7	6	49	33	12
14	7	6	46	8	36
15	7	6	20	11	17
16	7	6	40	33	24
17	7	6	25	29	0
18	7	6	37	29	0
19	7	6	29	62	0
20	7	6	11	32	1
21	7	6	13	37	2
22	7	6	52	33	0
23	7	6	49	36	0
24	7	6	37	24	0
25	7	6	53	31	0
26	7	6	13	7	10
27	7	6	13	11	9
28	7	6	27	38	25
29	7	6	40	19	9
30	7	6	27	15	11
31	7	6	34	2	0
32	7	6	34	2	0	

Scenario: 3; Probability: 0.34

Distribution_Center_ID	Demand_Commodity1_Quantity	Demand_Commodity2_Quantity	Demand_Commodity3_Quantity
6	0	0	0
7	1159	991	263	

Customer_ID	Closest_DC	Second_Closest_DC	Demand_Commodity1_Quantity	Demand_Commodity2_Quantity	Demand_Commodity3_Quantity
8	7	6	59	107	21
9	7	6	59	72	25
10	7	6	80	80	0
11	7	6	71	58	0
12	7	6	49	40	17
13	7	6	65	38	16
14	7	6	60	9	49
15	7	6	29	13	21
16	7	6	53	46	33
17	7	6	30	42	0
18	7	6	42	37	0
19	7	6	37	83	0
20	7	6	16	44	2
21	7	6	16	49	2
22	7	6	61	40	0
23	7	6	64	43	0
24	7	6	49	31	0
25	7	6	71	37	0
26	7	6	17	9	13
27	7	6	18	12	11
28	7	6	36	52	30
29	7	6	50	25	10
30	7	6	33	18	13
31	7	6	46	3	0
32	7	6	48	3	0