Truck Capacity:	836


Travel_Time_Matrix (Suppliers, Distribution_Centers, Customers)
0	105	44	121	95	101	55	2147483647	2147483647	2147483647	2147483647	2147483647	2147483647	2147483647	2147483647	2147483647	2147483647	2147483647	2147483647	2147483647	2147483647	2147483647	2147483647	2147483647	2147483647	2147483647	2147483647	2147483647	2147483647	2147483647	2147483647	2147483647	
105	0	96	48	41	61	90	2147483647	2147483647	2147483647	2147483647	2147483647	2147483647	2147483647	2147483647	2147483647	2147483647	2147483647	2147483647	2147483647	2147483647	2147483647	2147483647	2147483647	2147483647	2147483647	2147483647	2147483647	2147483647	2147483647	2147483647	2147483647	
44	96	0	113	87	97	41	2147483647	2147483647	2147483647	2147483647	2147483647	2147483647	2147483647	2147483647	2147483647	2147483647	2147483647	2147483647	2147483647	2147483647	2147483647	2147483647	2147483647	2147483647	2147483647	2147483647	2147483647	2147483647	2147483647	2147483647	2147483647	
121	48	113	0	57	62	108	2147483647	2147483647	2147483647	2147483647	2147483647	2147483647	2147483647	2147483647	2147483647	2147483647	2147483647	2147483647	2147483647	2147483647	2147483647	2147483647	2147483647	2147483647	2147483647	2147483647	2147483647	2147483647	2147483647	2147483647	2147483647	
95	41	87	57	0	57	82	2147483647	2147483647	2147483647	2147483647	2147483647	2147483647	2147483647	2147483647	2147483647	2147483647	2147483647	2147483647	2147483647	2147483647	2147483647	2147483647	2147483647	2147483647	2147483647	2147483647	2147483647	2147483647	2147483647	2147483647	2147483647	
71	31	67	32	27	0	2147483647	31	56	32	56	26	60	60	60	25	24	63	22	24	65	18	69	20	69	32	85	87	32	89	26	90	
25	60	11	78	52	2147483647	0	37	17	36	19	41	12	15	11	43	43	11	46	45	16	50	12	49	16	65	40	31	69	42	70	38	
2147483647	2147483647	2147483647	2147483647	2147483647	61	67	0	58	33	59	35	61	62	61	37	38	64	40	40	68	44	70	44	71	65	91	90	68	95	67	94	
2147483647	2147483647	2147483647	2147483647	2147483647	86	47	58	0	59	33	61	35	34	36	65	64	38	67	68	40	70	44	71	44	91	65	62	95	68	94	67	
2147483647	2147483647	2147483647	2147483647	2147483647	62	66	33	59	0	60	37	62	63	62	37	39	64	40	40	69	45	71	44	72	63	93	91	67	96	66	95	
2147483647	2147483647	2147483647	2147483647	2147483647	86	49	59	33	60	0	62	37	35	38	66	64	39	68	69	40	71	45	72	44	93	63	62	96	67	95	66	
2147483647	2147483647	2147483647	2147483647	2147483647	56	71	35	61	37	62	0	65	65	65	35	33	68	36	38	71	40	74	41	75	64	94	93	67	97	65	97	
2147483647	2147483647	2147483647	2147483647	2147483647	90	42	61	35	62	37	65	0	33	32	68	68	33	70	71	38	74	40	75	41	94	64	59	97	67	97	65	
2147483647	2147483647	2147483647	2147483647	2147483647	90	45	62	34	63	35	65	33	0	34	69	68	34	71	71	36	74	40	75	40	95	62	58	98	65	98	64	
2147483647	2147483647	2147483647	2147483647	2147483647	90	41	61	36	62	38	65	32	34	0	68	67	33	70	71	39	74	40	74	41	93	65	60	97	68	97	66	
2147483647	2147483647	2147483647	2147483647	2147483647	55	73	37	65	37	66	35	68	69	68	0	34	71	33	33	74	38	77	37	78	59	98	96	62	101	61	101	
2147483647	2147483647	2147483647	2147483647	2147483647	54	73	38	64	39	64	33	68	68	67	34	0	70	34	36	73	37	77	38	77	62	96	95	65	100	63	100	
2147483647	2147483647	2147483647	2147483647	2147483647	93	41	64	38	64	39	68	33	34	33	71	70	0	73	73	36	77	37	77	38	96	62	57	100	65	100	63	
2147483647	2147483647	2147483647	2147483647	2147483647	52	76	40	67	40	68	36	70	71	70	33	34	73	0	33	77	35	80	35	80	59	100	99	61	103	59	103	
2147483647	2147483647	2147483647	2147483647	2147483647	54	75	40	68	40	69	38	71	71	71	33	36	73	33	0	77	37	80	35	81	57	101	99	59	104	58	104	
2147483647	2147483647	2147483647	2147483647	2147483647	95	46	68	40	69	40	71	38	36	39	74	73	36	77	77	0	80	37	81	35	101	57	53	104	59	104	58	
2147483647	2147483647	2147483647	2147483647	2147483647	48	80	44	70	45	71	40	74	74	74	38	37	77	35	37	80	0	83	34	84	59	102	102	61	106	58	106	
2147483647	2147483647	2147483647	2147483647	2147483647	99	42	70	44	71	45	74	40	40	40	77	77	37	80	80	37	83	0	84	34	102	59	51	106	61	106	58	
2147483647	2147483647	2147483647	2147483647	2147483647	50	79	44	71	44	72	41	75	75	74	37	38	77	35	35	81	34	84	0	84	55	104	103	58	107	55	107	
2147483647	2147483647	2147483647	2147483647	2147483647	99	46	71	44	72	44	75	41	40	41	78	77	38	80	81	35	84	34	84	0	104	55	49	107	58	107	55	
2147483647	2147483647	2147483647	2147483647	2147483647	62	95	65	91	63	93	64	94	95	93	59	62	96	59	57	101	59	102	55	104	0	126	123	34	129	40	128	
2147483647	2147483647	2147483647	2147483647	2147483647	115	70	91	65	93	63	94	64	62	65	98	96	62	100	101	57	102	59	104	55	126	0	44	129	34	128	40	
2147483647	2147483647	2147483647	2147483647	2147483647	117	61	90	62	91	62	93	59	58	60	96	95	57	99	99	53	102	51	103	49	123	44	0	126	44	126	38	
2147483647	2147483647	2147483647	2147483647	2147483647	62	99	68	95	67	96	67	97	98	97	62	65	100	61	59	104	61	106	58	107	34	129	126	0	132	38	131	
2147483647	2147483647	2147483647	2147483647	2147483647	119	72	95	68	96	67	97	67	65	68	101	100	65	103	104	59	106	61	107	58	129	34	44	132	0	131	38	
2147483647	2147483647	2147483647	2147483647	2147483647	56	100	67	94	66	95	65	97	98	97	61	63	100	59	58	104	58	106	55	107	40	128	126	38	131	0	131	
2147483647	2147483647	2147483647	2147483647	2147483647	120	68	94	67	95	66	97	65	64	66	101	100	63	103	104	58	106	58	107	55	128	40	38	131	38	131	0	


Supplier_ID	Closest_DC	Second_Closest_DC	Supply_Commodity1_Quantity	Supply_Commodity2_Quantity	Supply_Commodity3_Quantity
1	7	6	250	245	52
2	6	7	250	245	52
3	7	6	250	245	52
4	6	7	250	245	52
5	6	7	250	245	52	


Scenario: 1; Probability: 0.33

Distribution_Center_ID	Demand_Commodity1_Quantity	Demand_Commodity2_Quantity	Demand_Commodity3_Quantity
6	336	318	49
7	352	312	90	

Customer_ID	Closest_DC	Second_Closest_DC	Demand_Commodity1_Quantity	Demand_Commodity2_Quantity	Demand_Commodity3_Quantity
8	6	7	39	62	12
9	7	6	41	63	14
10	6	7	40	34	0
11	7	6	38	34	0
12	6	7	40	25	9
13	7	6	30	23	8
14	7	6	24	6	27
15	7	6	23	7	11
16	6	7	26	16	14
17	6	7	19	30	0
18	7	6	20	25	0
19	6	7	23	39	0
20	6	7	8	26	1
21	7	6	10	38	1
22	6	7	33	33	0
23	7	6	40	24	0
24	6	7	42	30	0
25	7	6	26	26	0
26	6	7	11	7	6
27	7	6	15	7	8
28	7	6	24	40	15
29	6	7	27	14	7
30	7	6	29	18	6
31	6	7	28	2	0
32	7	6	32	1	0

Scenario: 2; Probability: 0.33

Distribution_Center_ID	Demand_Commodity1_Quantity	Demand_Commodity2_Quantity	Demand_Commodity3_Quantity
6	462	442	69
7	459	434	122	

Customer_ID	Closest_DC	Second_Closest_DC	Demand_Commodity1_Quantity	Demand_Commodity2_Quantity	Demand_Commodity3_Quantity
8	6	7	55	87	15
9	7	6	52	95	16
10	6	7	57	45	0
11	7	6	45	51	0
12	6	7	53	36	12
13	7	6	40	35	11
14	7	6	37	7	35
15	7	6	29	11	17
16	6	7	33	24	22
17	6	7	24	41	0
18	7	6	24	35	0
19	6	7	35	58	0
20	6	7	10	36	1
21	7	6	11	54	1
22	6	7	45	44	0
23	7	6	51	32	0
24	6	7	55	35	0
25	7	6	38	32	0
26	6	7	18	11	9
27	7	6	20	9	11
28	7	6	29	50	24
29	6	7	33	23	10
30	7	6	38	22	7
31	6	7	44	2	0
32	7	6	45	1	0	

Scenario: 3; Probability: 0.34

Distribution_Center_ID	Demand_Commodity1_Quantity	Demand_Commodity2_Quantity	Demand_Commodity3_Quantity
6	548	582	83
7	587	531	152

Customer_ID	Closest_DC	Second_Closest_DC	Demand_Commodity1_Quantity	Demand_Commodity2_Quantity	Demand_Commodity3_Quantity
8	6	7	68	125	18
9	7	6	72	116	21
10	6	7	63	65	0
11	7	6	60	67	0
12	6	7	59	43	13
13	7	6	54	42	15
14	7	6	46	10	41
15	7	6	38	12	21
16	6	7	40	30	25
17	6	7	33	54	0
18	7	6	31	47	0
19	6	7	42	69	0
20	6	7	13	51	2
21	7	6	14	59	2
22	6	7	51	59	0
23	7	6	62	38	0
24	6	7	68	46	0
25	7	6	43	41	0
26	6	7	21	12	12
27	7	6	25	10	14
28	7	6	36	61	28
29	6	7	41	25	13
30	7	6	47	26	10
31	6	7	49	3	0
32	7	6	59	2	0