Truck Capacity:	836


Travel_Time_Matrix (Suppliers, Distribution_Centers, Customers)
0	48	108	62	57	121	54	2147483647	2147483647	2147483647	2147483647	2147483647	2147483647	2147483647	2147483647	2147483647	2147483647	2147483647	2147483647	2147483647	2147483647	2147483647	2147483647	2147483647	2147483647	2147483647	2147483647	2147483647	2147483647	2147483647	2147483647	2147483647	
48	0	90	61	41	105	46	2147483647	2147483647	2147483647	2147483647	2147483647	2147483647	2147483647	2147483647	2147483647	2147483647	2147483647	2147483647	2147483647	2147483647	2147483647	2147483647	2147483647	2147483647	2147483647	2147483647	2147483647	2147483647	2147483647	2147483647	2147483647	
108	90	0	97	82	55	96	2147483647	2147483647	2147483647	2147483647	2147483647	2147483647	2147483647	2147483647	2147483647	2147483647	2147483647	2147483647	2147483647	2147483647	2147483647	2147483647	2147483647	2147483647	2147483647	2147483647	2147483647	2147483647	2147483647	2147483647	2147483647	
62	61	97	0	57	101	76	2147483647	2147483647	2147483647	2147483647	2147483647	2147483647	2147483647	2147483647	2147483647	2147483647	2147483647	2147483647	2147483647	2147483647	2147483647	2147483647	2147483647	2147483647	2147483647	2147483647	2147483647	2147483647	2147483647	2147483647	2147483647	
57	41	82	57	0	95	54	2147483647	2147483647	2147483647	2147483647	2147483647	2147483647	2147483647	2147483647	2147483647	2147483647	2147483647	2147483647	2147483647	2147483647	2147483647	2147483647	2147483647	2147483647	2147483647	2147483647	2147483647	2147483647	2147483647	2147483647	2147483647	
91	75	25	71	65	0	2147483647	43	38	41	40	47	35	37	33	47	49	35	50	48	40	54	36	52	40	58	64	54	62	65	65	61	
24	16	66	46	24	2147483647	0	48	50	51	48	45	55	53	56	49	45	57	48	51	55	46	61	50	58	74	60	68	75	64	70	68	
2147483647	2147483647	2147483647	2147483647	2147483647	73	78	0	58	33	59	35	61	62	61	37	38	64	40	40	68	44	70	44	71	65	91	90	68	95	67	94	
2147483647	2147483647	2147483647	2147483647	2147483647	68	80	58	0	59	33	61	35	34	36	65	64	38	67	68	40	70	44	71	44	91	65	62	95	68	94	67	
2147483647	2147483647	2147483647	2147483647	2147483647	71	81	33	59	0	60	37	62	63	62	37	39	64	40	40	69	45	71	44	72	63	93	91	67	96	66	95	
2147483647	2147483647	2147483647	2147483647	2147483647	70	78	59	33	60	0	62	37	35	38	66	64	39	68	69	40	71	45	72	44	93	63	62	96	67	95	66	
2147483647	2147483647	2147483647	2147483647	2147483647	77	75	35	61	37	62	0	65	65	65	35	33	68	36	38	71	40	74	41	75	64	94	93	67	97	65	97	
2147483647	2147483647	2147483647	2147483647	2147483647	65	85	61	35	62	37	65	0	33	32	68	68	33	70	71	38	74	40	75	41	94	64	59	97	67	97	65	
2147483647	2147483647	2147483647	2147483647	2147483647	67	83	62	34	63	35	65	33	0	34	69	68	34	71	71	36	74	40	75	40	95	62	58	98	65	98	64	
2147483647	2147483647	2147483647	2147483647	2147483647	63	86	61	36	62	38	65	32	34	0	68	67	33	70	71	39	74	40	74	41	93	65	60	97	68	97	66	
2147483647	2147483647	2147483647	2147483647	2147483647	77	79	37	65	37	66	35	68	69	68	0	34	71	33	33	74	38	77	37	78	59	98	96	62	101	61	101	
2147483647	2147483647	2147483647	2147483647	2147483647	79	75	38	64	39	64	33	68	68	67	34	0	70	34	36	73	37	77	38	77	62	96	95	65	100	63	100	
2147483647	2147483647	2147483647	2147483647	2147483647	65	87	64	38	64	39	68	33	34	33	71	70	0	73	73	36	77	37	77	38	96	62	57	100	65	100	63	
2147483647	2147483647	2147483647	2147483647	2147483647	80	78	40	67	40	68	36	70	71	70	33	34	73	0	33	77	35	80	35	80	59	100	99	61	103	59	103	
2147483647	2147483647	2147483647	2147483647	2147483647	78	81	40	68	40	69	38	71	71	71	33	36	73	33	0	77	37	80	35	81	57	101	99	59	104	58	104	
2147483647	2147483647	2147483647	2147483647	2147483647	70	85	68	40	69	40	71	38	36	39	74	73	36	77	77	0	80	37	81	35	101	57	53	104	59	104	58	
2147483647	2147483647	2147483647	2147483647	2147483647	84	76	44	70	45	71	40	74	74	74	38	37	77	35	37	80	0	83	34	84	59	102	102	61	106	58	106	
2147483647	2147483647	2147483647	2147483647	2147483647	66	91	70	44	71	45	74	40	40	40	77	77	37	80	80	37	83	0	84	34	102	59	51	106	61	106	58	
2147483647	2147483647	2147483647	2147483647	2147483647	82	80	44	71	44	72	41	75	75	74	37	38	77	35	35	81	34	84	0	84	55	104	103	58	107	55	107	
2147483647	2147483647	2147483647	2147483647	2147483647	70	88	71	44	72	44	75	41	40	41	78	77	38	80	81	35	84	34	84	0	104	55	49	107	58	107	55	
2147483647	2147483647	2147483647	2147483647	2147483647	88	104	65	91	63	93	64	94	95	93	59	62	96	59	57	101	59	102	55	104	0	126	123	34	129	40	128	
2147483647	2147483647	2147483647	2147483647	2147483647	94	90	91	65	93	63	94	64	62	65	98	96	62	100	101	57	102	59	104	55	126	0	44	129	34	128	40	
2147483647	2147483647	2147483647	2147483647	2147483647	84	98	90	62	91	62	93	59	58	60	96	95	57	99	99	53	102	51	103	49	123	44	0	126	44	126	38	
2147483647	2147483647	2147483647	2147483647	2147483647	92	105	68	95	67	96	67	97	98	97	62	65	100	61	59	104	61	106	58	107	34	129	126	0	132	38	131	
2147483647	2147483647	2147483647	2147483647	2147483647	95	94	95	68	96	67	97	67	65	68	101	100	65	103	104	59	106	61	107	58	129	34	44	132	0	131	38	
2147483647	2147483647	2147483647	2147483647	2147483647	95	100	67	94	66	95	65	97	98	97	61	63	100	59	58	104	58	106	55	107	40	128	126	38	131	0	131	
2147483647	2147483647	2147483647	2147483647	2147483647	91	98	94	67	95	66	97	65	64	66	101	100	63	103	104	58	106	58	107	55	128	40	38	131	38	131	0	


Supplier_ID	Closest_DC	Second_Closest_DC	Supply_Commodity1_Quantity	Supply_Commodity2_Quantity	Supply_Commodity3_Quantity
1	7	6	274	221	52
2	7	6	274	221	52
3	6	7	274	221	52
4	7	6	274	221	52
5	7	6	274	221	52	


Scenario: 1; Probability: 0.33

Distribution_Center_ID	Demand_Commodity1_Quantity	Demand_Commodity2_Quantity	Demand_Commodity3_Quantity
6	576	439	119
7	199	160	27	

Customer_ID	Closest_DC	Second_Closest_DC	Demand_Commodity1_Quantity	Demand_Commodity2_Quantity	Demand_Commodity3_Quantity
8	6	7	48	49	13
9	6	7	40	55	11
10	6	7	54	41	0
11	6	7	51	39	0
12	7	6	32	20	11
13	6	7	41	20	8
14	6	7	36	4	22
15	6	7	25	7	14
16	6	7	26	27	15
17	7	6	25	34	0
18	6	7	23	29	0
19	7	6	32	42	0
20	6	7	8	22	1
21	6	7	10	36	1
22	7	6	28	27	0
23	6	7	30	26	0
24	7	6	46	18	0
25	6	7	41	32	0
26	6	7	11	8	8
27	7	6	10	5	7
28	6	7	26	26	20
29	6	7	30	15	6
30	7	6	26	14	9
31	6	7	39	1	0
32	6	7	37	2	0	

Scenario: 2; Probability: 0.33

Distribution_Center_ID	Demand_Commodity1_Quantity	Demand_Commodity2_Quantity	Demand_Commodity3_Quantity
6	747	588	160
7	258	202	34	

Customer_ID	Closest_DC	Second_Closest_DC	Demand_Commodity1_Quantity	Demand_Commodity2_Quantity	Demand_Commodity3_Quantity
8	6	7	56	66	19
9	6	7	53	61	14
10	6	7	68	45	0
11	6	7	62	57	0
12	7	6	46	27	13
13	6	7	59	33	10
14	6	7	47	5	31
15	6	7	30	8	19
16	6	7	30	38	19
17	7	6	31	37	0
18	6	7	33	40	0
19	7	6	41	54	0
20	6	7	10	33	1
21	6	7	14	54	1
22	7	6	35	33	0
23	6	7	40	35	0
24	7	6	50	23	0
25	6	7	57	41	0
26	6	7	14	11	12
27	7	6	12	8	9
28	6	7	38	35	26
29	6	7	37	22	8
30	7	6	43	20	12
31	6	7	48	1	0
32	6	7	51	3	0	

Scenario: 3; Probability: 0.34

Distribution_Center_ID	Demand_Commodity1_Quantity	Demand_Commodity2_Quantity	Demand_Commodity3_Quantity
6	926	737	193
7	319	267	41	

Customer_ID	Closest_DC	Second_Closest_DC	Demand_Commodity1_Quantity	Demand_Commodity2_Quantity	Demand_Commodity3_Quantity
8	6	7	75	81	24
9	6	7	59	83	18
10	6	7	89	65	0
11	6	7	75	71	0
12	7	6	60	35	16
13	6	7	70	41	12
14	6	7	56	7	35
15	6	7	39	11	25
16	6	7	41	49	23
17	7	6	37	51	0
18	6	7	43	43	0
19	7	6	50	75	0
20	6	7	14	41	2
21	6	7	17	68	2
22	7	6	41	40	0
23	6	7	49	41	0
24	7	6	67	30	0
25	6	7	66	45	0
26	6	7	17	12	14
27	7	6	17	10	12
28	6	7	50	48	28
29	6	7	49	26	10
30	7	6	47	26	13
31	6	7	59	2	0
32	6	7	58	3	0