Truck Capacity:	836


Travel_Time_Matrix (Suppliers, Distribution_Centers, Customers)
0	82	87	54	95	41	57	2147483647	2147483647	2147483647	2147483647	2147483647	2147483647	2147483647	2147483647	2147483647	2147483647	2147483647	2147483647	2147483647	2147483647	2147483647	2147483647	2147483647	2147483647	2147483647	2147483647	2147483647	2147483647	2147483647	2147483647	2147483647	
82	0	41	96	55	90	108	2147483647	2147483647	2147483647	2147483647	2147483647	2147483647	2147483647	2147483647	2147483647	2147483647	2147483647	2147483647	2147483647	2147483647	2147483647	2147483647	2147483647	2147483647	2147483647	2147483647	2147483647	2147483647	2147483647	2147483647	2147483647	
87	41	0	104	44	96	113	2147483647	2147483647	2147483647	2147483647	2147483647	2147483647	2147483647	2147483647	2147483647	2147483647	2147483647	2147483647	2147483647	2147483647	2147483647	2147483647	2147483647	2147483647	2147483647	2147483647	2147483647	2147483647	2147483647	2147483647	2147483647	
54	96	104	0	114	46	54	2147483647	2147483647	2147483647	2147483647	2147483647	2147483647	2147483647	2147483647	2147483647	2147483647	2147483647	2147483647	2147483647	2147483647	2147483647	2147483647	2147483647	2147483647	2147483647	2147483647	2147483647	2147483647	2147483647	2147483647	2147483647	
95	55	44	114	0	105	121	2147483647	2147483647	2147483647	2147483647	2147483647	2147483647	2147483647	2147483647	2147483647	2147483647	2147483647	2147483647	2147483647	2147483647	2147483647	2147483647	2147483647	2147483647	2147483647	2147483647	2147483647	2147483647	2147483647	2147483647	2147483647	
11	60	66	16	75	0	2147483647	35	45	38	44	32	50	48	51	35	31	52	34	36	52	31	58	35	56	58	64	70	59	68	54	71	
27	78	83	24	91	2147483647	0	49	63	51	61	45	68	66	68	47	44	70	45	47	70	41	76	45	74	64	80	87	64	84	58	88	
2147483647	2147483647	2147483647	2147483647	2147483647	65	79	0	58	33	59	35	61	62	61	37	38	64	40	40	68	44	70	44	71	65	91	90	68	95	67	94	
2147483647	2147483647	2147483647	2147483647	2147483647	75	93	58	0	59	33	61	35	34	36	65	64	38	67	68	40	70	44	71	44	91	65	62	95	68	94	67	
2147483647	2147483647	2147483647	2147483647	2147483647	68	81	33	59	0	60	37	62	63	62	37	39	64	40	40	69	45	71	44	72	63	93	91	67	96	66	95	
2147483647	2147483647	2147483647	2147483647	2147483647	74	91	59	33	60	0	62	37	35	38	66	64	39	68	69	40	71	45	72	44	93	63	62	96	67	95	66	
2147483647	2147483647	2147483647	2147483647	2147483647	62	75	35	61	37	62	0	65	65	65	35	33	68	36	38	71	40	74	41	75	64	94	93	67	97	65	97	
2147483647	2147483647	2147483647	2147483647	2147483647	80	98	61	35	62	37	65	0	33	32	68	68	33	70	71	38	74	40	75	41	94	64	59	97	67	97	65	
2147483647	2147483647	2147483647	2147483647	2147483647	78	96	62	34	63	35	65	33	0	34	69	68	34	71	71	36	74	40	75	40	95	62	58	98	65	98	64	
2147483647	2147483647	2147483647	2147483647	2147483647	81	98	61	36	62	38	65	32	34	0	68	67	33	70	71	39	74	40	74	41	93	65	60	97	68	97	66	
2147483647	2147483647	2147483647	2147483647	2147483647	65	77	37	65	37	66	35	68	69	68	0	34	71	33	33	74	38	77	37	78	59	98	96	62	101	61	101	
2147483647	2147483647	2147483647	2147483647	2147483647	61	74	38	64	39	64	33	68	68	67	34	0	70	34	36	73	37	77	38	77	62	96	95	65	100	63	100	
2147483647	2147483647	2147483647	2147483647	2147483647	82	100	64	38	64	39	68	33	34	33	71	70	0	73	73	36	77	37	77	38	96	62	57	100	65	100	63	
2147483647	2147483647	2147483647	2147483647	2147483647	64	75	40	67	40	68	36	70	71	70	33	34	73	0	33	77	35	80	35	80	59	100	99	61	103	59	103	
2147483647	2147483647	2147483647	2147483647	2147483647	66	77	40	68	40	69	38	71	71	71	33	36	73	33	0	77	37	80	35	81	57	101	99	59	104	58	104	
2147483647	2147483647	2147483647	2147483647	2147483647	82	100	68	40	69	40	71	38	36	39	74	73	36	77	77	0	80	37	81	35	101	57	53	104	59	104	58	
2147483647	2147483647	2147483647	2147483647	2147483647	61	71	44	70	45	71	40	74	74	74	38	37	77	35	37	80	0	83	34	84	59	102	102	61	106	58	106	
2147483647	2147483647	2147483647	2147483647	2147483647	88	106	70	44	71	45	74	40	40	40	77	77	37	80	80	37	83	0	84	34	102	59	51	106	61	106	58	
2147483647	2147483647	2147483647	2147483647	2147483647	65	75	44	71	44	72	41	75	75	74	37	38	77	35	35	81	34	84	0	84	55	104	103	58	107	55	107	
2147483647	2147483647	2147483647	2147483647	2147483647	86	104	71	44	72	44	75	41	40	41	78	77	38	80	81	35	84	34	84	0	104	55	49	107	58	107	55	
2147483647	2147483647	2147483647	2147483647	2147483647	88	94	65	91	63	93	64	94	95	93	59	62	96	59	57	101	59	102	55	104	0	126	123	34	129	40	128	
2147483647	2147483647	2147483647	2147483647	2147483647	94	110	91	65	93	63	94	64	62	65	98	96	62	100	101	57	102	59	104	55	126	0	44	129	34	128	40	
2147483647	2147483647	2147483647	2147483647	2147483647	100	117	90	62	91	62	93	59	58	60	96	95	57	99	99	53	102	51	103	49	123	44	0	126	44	126	38	
2147483647	2147483647	2147483647	2147483647	2147483647	89	94	68	95	67	96	67	97	98	97	62	65	100	61	59	104	61	106	58	107	34	129	126	0	132	38	131	
2147483647	2147483647	2147483647	2147483647	2147483647	98	114	95	68	96	67	97	67	65	68	101	100	65	103	104	59	106	61	107	58	129	34	44	132	0	131	38	
2147483647	2147483647	2147483647	2147483647	2147483647	84	88	67	94	66	95	65	97	98	97	61	63	100	59	58	104	58	106	55	107	40	128	126	38	131	0	131	
2147483647	2147483647	2147483647	2147483647	2147483647	101	118	94	67	95	66	97	65	64	66	101	100	63	103	104	58	106	58	107	55	128	40	38	131	38	131	0	


Supplier_ID	Closest_DC	Second_Closest_DC	Supply_Commodity1_Quantity	Supply_Commodity2_Quantity	Supply_Commodity3_Quantity
1	6	7	263	241	55
2	6	7	263	241	55
3	6	7	263	241	55
4	6	7	263	241	55
5	6	7	263	241	55	


Scenario: 1; Probability: 0.33

Distribution_Center_ID	Demand_Commodity1_Quantity	Demand_Commodity2_Quantity	Demand_Commodity3_Quantity
6	705	630	143
7	0	0	0	

Customer_ID	Closest_DC	Second_Closest_DC	Demand_Commodity1_Quantity	Demand_Commodity2_Quantity	Demand_Commodity3_Quantity
8	6	7	35	60	13
9	6	7	44	52	10
10	6	7	38	49	0
11	6	7	44	40	0
12	6	7	31	25	7
13	6	7	49	22	7
14	6	7	37	4	27
15	6	7	21	9	14
16	6	7	39	27	15
17	6	7	21	21	0
18	6	7	18	34	0
19	6	7	28	43	0
20	6	7	10	34	1
21	6	7	9	38	1
22	6	7	31	30	0
23	6	7	31	28	0
24	6	7	34	25	0
25	6	7	31	21	0
26	6	7	13	6	8
27	6	7	12	8	8
28	6	7	26	27	17
29	6	7	30	10	7
30	6	7	22	13	8
31	6	7	26	2	0
32	6	7	25	2	0	

Scenario: 2; Probability: 0.33

Distribution_Center_ID	Demand_Commodity1_Quantity	Demand_Commodity2_Quantity	Demand_Commodity3_Quantity
6	964	862	200
7	0	0	0	

Customer_ID	Closest_DC	Second_Closest_DC	Demand_Commodity1_Quantity	Demand_Commodity2_Quantity	Demand_Commodity3_Quantity
8	6	7	51	99	19
9	6	7	60	70	14
10	6	7	45	74	0
11	6	7	56	52	0
12	6	7	39	32	9
13	6	7	64	24	10
14	6	7	55	6	36
15	6	7	30	12	23
16	6	7	42	31	20
17	6	7	31	31	0
18	6	7	21	48	0
19	6	7	41	66	0
20	6	7	14	52	1
21	6	7	14	45	1
22	6	7	46	32	0
23	6	7	43	40	0
24	6	7	50	31	0
25	6	7	42	29	0
26	6	7	18	9	11
27	6	7	19	10	10
28	6	7	38	31	26
29	6	7	39	16	8
30	6	7	32	18	12
31	6	7	44	2	0
32	6	7	30	2	0	

Scenario: 3; Probability: 0.34

Distribution_Center_ID	Demand_Commodity1_Quantity	Demand_Commodity2_Quantity	Demand_Commodity3_Quantity
6	1194	1095	249
7	0	0	0	

Customer_ID	Closest_DC	Second_Closest_DC	Demand_Commodity1_Quantity	Demand_Commodity2_Quantity	Demand_Commodity3_Quantity
8	6	7	62	120	22
9	6	7	72	89	15
10	6	7	60	92	0
11	6	7	68	59	0
12	6	7	57	36	13
13	6	7	77	34	12
14	6	7	61	8	45
15	6	7	36	14	27
16	6	7	57	39	30
17	6	7	41	42	0
18	6	7	26	64	0
19	6	7	51	85	0
20	6	7	18	64	2
21	6	7	18	58	2
22	6	7	55	48	0
23	6	7	53	55	0
24	6	7	61	40	0
25	6	7	55	32	0
26	6	7	22	11	14
27	6	7	20	13	13
28	6	7	43	40	30
29	6	7	47	20	11
30	6	7	44	26	13
31	6	7	48	3	0
32	6	7	42	3	0