Truck Capacity:	836


Travel_Time_Matrix (Suppliers, Distribution_Centers, Customers)
0	108	113	62	54	48	121	2147483647	2147483647	2147483647	2147483647	2147483647	2147483647	2147483647	2147483647	2147483647	2147483647	2147483647	2147483647	2147483647	2147483647	2147483647	2147483647	2147483647	2147483647	2147483647	2147483647	2147483647	2147483647	2147483647	2147483647	2147483647	
108	0	41	97	96	90	55	2147483647	2147483647	2147483647	2147483647	2147483647	2147483647	2147483647	2147483647	2147483647	2147483647	2147483647	2147483647	2147483647	2147483647	2147483647	2147483647	2147483647	2147483647	2147483647	2147483647	2147483647	2147483647	2147483647	2147483647	2147483647	
113	41	0	97	104	96	44	2147483647	2147483647	2147483647	2147483647	2147483647	2147483647	2147483647	2147483647	2147483647	2147483647	2147483647	2147483647	2147483647	2147483647	2147483647	2147483647	2147483647	2147483647	2147483647	2147483647	2147483647	2147483647	2147483647	2147483647	2147483647	
62	97	97	0	76	61	101	2147483647	2147483647	2147483647	2147483647	2147483647	2147483647	2147483647	2147483647	2147483647	2147483647	2147483647	2147483647	2147483647	2147483647	2147483647	2147483647	2147483647	2147483647	2147483647	2147483647	2147483647	2147483647	2147483647	2147483647	2147483647	
54	96	104	76	0	46	114	2147483647	2147483647	2147483647	2147483647	2147483647	2147483647	2147483647	2147483647	2147483647	2147483647	2147483647	2147483647	2147483647	2147483647	2147483647	2147483647	2147483647	2147483647	2147483647	2147483647	2147483647	2147483647	2147483647	2147483647	2147483647	
18	60	66	31	16	0	2147483647	35	45	38	44	32	50	48	51	35	31	52	34	36	52	31	58	35	56	58	64	70	59	68	54	71	
91	25	14	71	84	2147483647	0	43	38	41	40	47	35	37	33	47	49	35	50	48	40	54	36	52	40	58	64	54	62	65	65	61	
2147483647	2147483647	2147483647	2147483647	2147483647	65	73	0	58	33	59	35	61	62	61	37	38	64	40	40	68	44	70	44	71	65	91	90	68	95	67	94	
2147483647	2147483647	2147483647	2147483647	2147483647	75	68	58	0	59	33	61	35	34	36	65	64	38	67	68	40	70	44	71	44	91	65	62	95	68	94	67	
2147483647	2147483647	2147483647	2147483647	2147483647	68	71	33	59	0	60	37	62	63	62	37	39	64	40	40	69	45	71	44	72	63	93	91	67	96	66	95	
2147483647	2147483647	2147483647	2147483647	2147483647	74	70	59	33	60	0	62	37	35	38	66	64	39	68	69	40	71	45	72	44	93	63	62	96	67	95	66	
2147483647	2147483647	2147483647	2147483647	2147483647	62	77	35	61	37	62	0	65	65	65	35	33	68	36	38	71	40	74	41	75	64	94	93	67	97	65	97	
2147483647	2147483647	2147483647	2147483647	2147483647	80	65	61	35	62	37	65	0	33	32	68	68	33	70	71	38	74	40	75	41	94	64	59	97	67	97	65	
2147483647	2147483647	2147483647	2147483647	2147483647	78	67	62	34	63	35	65	33	0	34	69	68	34	71	71	36	74	40	75	40	95	62	58	98	65	98	64	
2147483647	2147483647	2147483647	2147483647	2147483647	81	63	61	36	62	38	65	32	34	0	68	67	33	70	71	39	74	40	74	41	93	65	60	97	68	97	66	
2147483647	2147483647	2147483647	2147483647	2147483647	65	77	37	65	37	66	35	68	69	68	0	34	71	33	33	74	38	77	37	78	59	98	96	62	101	61	101	
2147483647	2147483647	2147483647	2147483647	2147483647	61	79	38	64	39	64	33	68	68	67	34	0	70	34	36	73	37	77	38	77	62	96	95	65	100	63	100	
2147483647	2147483647	2147483647	2147483647	2147483647	82	65	64	38	64	39	68	33	34	33	71	70	0	73	73	36	77	37	77	38	96	62	57	100	65	100	63	
2147483647	2147483647	2147483647	2147483647	2147483647	64	80	40	67	40	68	36	70	71	70	33	34	73	0	33	77	35	80	35	80	59	100	99	61	103	59	103	
2147483647	2147483647	2147483647	2147483647	2147483647	66	78	40	68	40	69	38	71	71	71	33	36	73	33	0	77	37	80	35	81	57	101	99	59	104	58	104	
2147483647	2147483647	2147483647	2147483647	2147483647	82	70	68	40	69	40	71	38	36	39	74	73	36	77	77	0	80	37	81	35	101	57	53	104	59	104	58	
2147483647	2147483647	2147483647	2147483647	2147483647	61	84	44	70	45	71	40	74	74	74	38	37	77	35	37	80	0	83	34	84	59	102	102	61	106	58	106	
2147483647	2147483647	2147483647	2147483647	2147483647	88	66	70	44	71	45	74	40	40	40	77	77	37	80	80	37	83	0	84	34	102	59	51	106	61	106	58	
2147483647	2147483647	2147483647	2147483647	2147483647	65	82	44	71	44	72	41	75	75	74	37	38	77	35	35	81	34	84	0	84	55	104	103	58	107	55	107	
2147483647	2147483647	2147483647	2147483647	2147483647	86	70	71	44	72	44	75	41	40	41	78	77	38	80	81	35	84	34	84	0	104	55	49	107	58	107	55	
2147483647	2147483647	2147483647	2147483647	2147483647	88	88	65	91	63	93	64	94	95	93	59	62	96	59	57	101	59	102	55	104	0	126	123	34	129	40	128	
2147483647	2147483647	2147483647	2147483647	2147483647	94	94	91	65	93	63	94	64	62	65	98	96	62	100	101	57	102	59	104	55	126	0	44	129	34	128	40	
2147483647	2147483647	2147483647	2147483647	2147483647	100	84	90	62	91	62	93	59	58	60	96	95	57	99	99	53	102	51	103	49	123	44	0	126	44	126	38	
2147483647	2147483647	2147483647	2147483647	2147483647	89	92	68	95	67	96	67	97	98	97	62	65	100	61	59	104	61	106	58	107	34	129	126	0	132	38	131	
2147483647	2147483647	2147483647	2147483647	2147483647	98	95	95	68	96	67	97	67	65	68	101	100	65	103	104	59	106	61	107	58	129	34	44	132	0	131	38	
2147483647	2147483647	2147483647	2147483647	2147483647	84	95	67	94	66	95	65	97	98	97	61	63	100	59	58	104	58	106	55	107	40	128	126	38	131	0	131	
2147483647	2147483647	2147483647	2147483647	2147483647	101	91	94	67	95	66	97	65	64	66	101	100	63	103	104	58	106	58	107	55	128	40	38	131	38	131	0	


Supplier_ID	Closest_DC	Second_Closest_DC	Supply_Commodity1_Quantity	Supply_Commodity2_Quantity	Supply_Commodity3_Quantity
1	6	7	254	236	50
2	7	6	254	236	50
3	7	6	254	236	50
4	6	7	254	236	50
5	6	7	254	236	50	


Scenario: 1; Probability: 0.33

Distribution_Center_ID	Demand_Commodity1_Quantity	Demand_Commodity2_Quantity	Demand_Commodity3_Quantity
6	325	330	45
7	344	316	90	

Customer_ID	Closest_DC	Second_Closest_DC	Demand_Commodity1_Quantity	Demand_Commodity2_Quantity	Demand_Commodity3_Quantity
8	6	7	35	72	10
9	7	6	34	59	13
10	6	7	46	36	0
11	7	6	38	38	0
12	6	7	30	27	11
13	7	6	33	22	9
14	7	6	33	4	23
15	7	6	22	9	14
16	6	7	33	23	12
17	6	7	15	29	0
18	7	6	22	34	0
19	6	7	34	38	0
20	6	7	7	23	1
21	7	6	9	30	1
22	6	7	26	33	0
23	7	6	28	36	0
24	6	7	30	25	0
25	7	6	29	27	0
26	7	6	14	7	7
27	6	7	12	7	5
28	7	6	23	36	16
29	6	7	22	16	6
30	7	6	26	12	7
31	6	7	35	1	0
32	7	6	33	2	0	

Scenario: 2; Probability: 0.33

Distribution_Center_ID	Demand_Commodity1_Quantity	Demand_Commodity2_Quantity	Demand_Commodity3_Quantity
6	454	427	62
7	464	410	120	

Customer_ID	Closest_DC	Second_Closest_DC	Demand_Commodity1_Quantity	Demand_Commodity2_Quantity	Demand_Commodity3_Quantity
8	6	7	57	96	14
9	7	6	46	71	19
10	6	7	70	49	0
11	7	6	48	55	0
12	6	7	47	30	14
13	7	6	55	27	11
14	7	6	43	5	28
15	7	6	31	10	21
16	6	7	52	27	17
17	6	7	20	39	0
18	7	6	29	49	0
19	6	7	37	54	0
20	6	7	11	34	2
21	7	6	10	40	2
22	6	7	31	39	0
23	7	6	38	47	0
24	6	7	40	30	0
25	7	6	33	32	0
26	7	6	19	9	8
27	6	7	15	8	7
28	7	6	34	44	22
29	6	7	29	20	8
30	7	6	38	19	9
31	6	7	45	1	0
32	7	6	40	2	0	

Scenario: 3; Probability: 0.34

Distribution_Center_ID	Demand_Commodity1_Quantity	Demand_Commodity2_Quantity	Demand_Commodity3_Quantity
6	562	538	78
7	592	531	148	

Customer_ID	Closest_DC	Second_Closest_DC	Demand_Commodity1_Quantity	Demand_Commodity2_Quantity	Demand_Commodity3_Quantity
8	6	7	65	112	17
9	7	6	63	103	22
10	6	7	85	59	0
11	7	6	64	63	0
12	6	7	54	40	16
13	7	6	63	36	14
14	7	6	54	6	36
15	7	6	39	14	25
16	6	7	56	40	20
17	6	7	28	50	0
18	7	6	35	60	0
19	6	7	56	61	0
20	6	7	13	44	2
21	7	6	14	53	2
22	6	7	43	56	0
23	7	6	49	56	0
24	6	7	53	41	0
25	7	6	43	44	0
26	7	6	23	12	10
27	6	7	19	10	11
28	7	6	44	59	27
29	6	7	37	23	12
30	7	6	46	22	12
31	6	7	53	2	0
32	7	6	55	3	0